-20
23
12
68
31
-21
53
67
52
-63
87
-78
31
-46
80
48
81
52
-11
-56
-82
26
11
-46
27
-43
-53
47
80
-11
-28
13
18
-18
80
75
55
91
35
-53
-68
52
-32
-27
72
66
-99
34
-83
46
22
53
-64
-72
37
46
22
79
21
-22
-55
31
-54
16
-71
-71
-82
56
59
-14
-80
13
-13
-42
-29
-94
81
-98
-89
-88
-11
-90
27
-93
-59
-28
15
65
-24
-37
58
-36
-39
37
51
-81
22
67
46
67
18
43
16
-19
-20
-43
87
-99
43
44
28
-62
74
-30
21
-39
-39
-54
81
53
23
-18
31
-16
-97
64
26
79
86
-71
-32
67
25
-87
39
-89
-76
-43
-95
44
67
84
13
-31
-46
-97
-80
76
24
-11
24
12
-12
28
-81
-97
93
-49
-68
-17
-41
-66
-64
-54
97
-25
17
12
72
69
-43
-47
74
27
-25
-41
-76
-62
-51
-69
-20
-91
69
67
-97
83
86
-28
46
-39
-12
